PARAMETERS:

pi = 0.5

mu_one
[[1.90448793]
 [1.92699812]
 [1.98321371]
 [1.94851866]
 [1.8793009 ]
 [1.93669483]
 [1.91233549]
 [1.94111137]
 [1.90316005]
 [1.90109554]
 [1.93696062]
 [1.89503158]
 [1.92056465]
 [1.91106437]
 [1.91652309]
 [1.89194288]
 [1.92048877]
 [1.93360497]
 [1.91483675]
 [1.93488537]]


mu_two
[[1.35987068]
 [1.37241143]
 [1.2879534 ]
 [1.25895574]
 [1.30020115]
 [1.33976699]
 [1.30238467]
 [1.33777338]
 [1.3427238 ]
 [1.39609594]
 [1.31655921]
 [1.3545217 ]
 [1.38293084]
 [1.33634738]
 [1.33458552]
 [1.31725253]
 [1.3191124 ]
 [1.36458183]
 [1.37080142]
 [1.33303209]]


sigma
[[7.59840774 5.20785619 5.85671238 4.78930008 5.51871038 5.85315423
  4.35433797 5.1185244  4.79703133 4.98741225 3.79097077 4.95635108
  6.82443269 5.73992882 5.82468038 5.64122369 5.52581221 5.4290984
  5.34334079 5.69867941]
 [5.20785619 6.49590024 5.04448545 3.94013108 5.01834981 5.2663658
  4.05479645 3.67195297 3.94251141 4.71138998 3.12892636 4.31595543
  5.57537399 4.73028981 5.1593773  4.90921903 5.27741827 4.78141125
  5.06114541 5.03159332]
 [5.85671238 5.04448545 7.05501344 4.55368813 5.43098401 6.31743237
  4.36646124 4.52795856 4.68913797 4.81071669 3.05341288 4.35294623
  6.06518134 4.86130305 5.86828577 5.70014032 5.89932523 4.68671974
  4.42753595 4.87876022]
 [4.78930008 3.94013108 4.55368813 5.45960546 4.89765187 4.17438477
  3.41003683 4.07347946 3.18246949 3.96398215 2.51562644 3.8639123
  5.59182769 4.45132538 4.50642715 4.74082178 4.30922029 4.20597687
  3.56399274 5.54906346]
 [5.51871038 5.01834981 5.43098401 4.89765187 6.57612787 5.01483676
  4.7009185  3.99805669 4.41153079 4.72410792 3.83173074 4.64629176
  5.83468847 5.42186723 5.6120178  5.72413083 5.49538044 4.75162211
  4.99364396 5.41261108]
 [5.85315423 5.2663658  6.31743237 4.17438477 5.01483676 6.46191185
  4.20595887 4.64702554 4.54721147 5.11770825 2.79545729 4.51754684
  6.09704744 4.70219784 5.55143875 5.72300086 5.58747155 4.72538806
  4.53269437 5.00634488]
 [4.35433797 4.05479645 4.36646124 3.41003683 4.7009185  4.20595887
  4.88364414 3.63288727 3.75847263 4.10117141 2.8020304  4.09014531
  4.50399643 3.85248736 4.45636559 4.92780429 4.04343229 3.39999304
  4.38464301 3.68952017]
 [5.1185244  3.67195297 4.52795856 4.07347946 3.99805669 4.64702554
  3.63288727 5.80283544 3.43655869 4.80885277 2.34739609 4.62969111
  6.04631432 4.90694215 4.63651164 5.86110963 4.20933237 4.65366398
  4.60545224 4.3254569 ]
 [4.79703133 3.94251141 4.68913797 3.18246949 4.41153079 4.54721147
  3.75847263 3.43655869 4.77130274 4.47100018 2.93989803 3.88252804
  4.91707535 4.45422144 4.69487485 4.8762149  4.86862373 3.89643332
  4.06307481 3.92027869]
 [4.98741225 4.71138998 4.81071669 3.96398215 4.72410792 5.11770825
  4.10117141 4.80885277 4.47100018 6.97360049 3.05991668 4.48350657
  6.72448013 4.92405546 4.72706934 5.68689463 4.4116874  5.03077893
  4.32145201 5.22105508]
 [3.79097077 3.12892636 3.05341288 2.51562644 3.83173074 2.79545729
  2.8020304  2.34739609 2.93989803 3.05991668 3.19917019 2.69803067
  3.5366186  3.66756803 3.38234384 3.36840083 3.36003095 2.97758226
  3.54303307 3.27505196]
 [4.95635108 4.31595543 4.35294623 3.8639123  4.64629176 4.51754684
  4.09014531 4.62969111 3.88252804 4.48350657 2.69803067 5.00843486
  5.76732949 4.72328983 4.54749879 5.23622481 4.71985755 4.581482
  4.80960569 4.27472325]
 [6.82443269 5.57537399 6.06518134 5.59182769 5.83468847 6.09704744
  4.50399643 6.04631432 4.91707535 6.72448013 3.5366186  5.76732949
  8.95562245 6.04324134 6.04457661 6.36013262 5.61736663 6.06328967
  5.70334111 7.18080784]
 [5.73992882 4.73028981 4.86130305 4.45132538 5.42186723 4.70219784
  3.85248736 4.90694215 4.45422144 4.92405546 3.66756803 4.72328983
  6.04324134 6.55381415 5.53935808 5.81874981 5.32318046 5.28212203
  5.57503884 5.20660948]
 [5.82468038 5.1593773  5.86828577 4.50642715 5.6120178  5.55143875
  4.45636559 4.63651164 4.69487485 4.72706934 3.38234384 4.54749879
  6.04457661 5.53935808 6.74167687 6.83457312 5.49972917 4.82666388
  5.22101646 5.55958474]
 [5.64122369 4.90921903 5.70014032 4.74082178 5.72413083 5.72300086
  4.92780429 5.86110963 4.8762149  5.68689463 3.36840083 5.23622481
  6.36013262 5.81874981 6.83457312 8.85931461 5.48012214 5.53734505
  5.33917188 5.69298387]
 [5.52581221 5.27741827 5.89932523 4.30922029 5.49538044 5.58747155
  4.04343229 4.20933237 4.86862373 4.4116874  3.36003095 4.71985755
  5.61736663 5.32318046 5.49972917 5.48012214 6.37708704 4.85624528
  5.00822894 4.61309349]
 [5.4290984  4.78141125 4.68671974 4.20597687 4.75162211 4.72538806
  3.39999304 4.65366398 3.89643332 5.03077893 2.97758226 4.581482
  6.06328967 5.28212203 4.82666388 5.53734505 4.85624528 5.65274494
  4.55422105 4.85969225]
 [5.34334079 5.06114541 4.42753595 3.56399274 4.99364396 4.53269437
  4.38464301 4.60545224 4.06307481 4.32145201 3.54303307 4.80960569
  5.70334111 5.57503884 5.22101646 5.33917188 5.00822894 4.55422105
  6.1646628  4.65131092]
 [5.69867941 5.03159332 4.87876022 5.54906346 5.41261108 5.00634488
  3.68952017 4.3254569  3.92027869 5.22105508 3.27505196 4.27472325
  7.18080784 5.20660948 5.55958474 5.69298387 4.61309349 4.85969225
  4.65131092 7.86499089]]


COEFFICIENTS:

w
[[-14.40185658]
 [  8.55290681]
 [  5.7159651 ]
 [  2.88677339]
 [  9.53856629]
 [  4.25870661]
 [-16.49475443]
 [ 23.90136173]
 [ 28.73674712]
 [ -9.33763317]
 [ 13.07550527]
 [ 12.09740187]
 [-15.31718328]
 [-12.55588951]
 [  5.56176548]
 [-12.93945828]
 [-29.0685875 ]
 [  6.8006247 ]
 [  0.23285491]
 [  5.07158619]]


w0
[[-26.95486584]]
