{
 "cells": [
  {
   "cell_type": "code",
   "execution_count": 1,
   "metadata": {},
   "outputs": [],
   "source": [
    "import pandas as pd\n",
    "import numpy as np"
   ]
  },
  {
   "cell_type": "code",
   "execution_count": 2,
   "metadata": {},
   "outputs": [],
   "source": [
    "######## PART 1 ########"
   ]
  },
  {
   "cell_type": "code",
   "execution_count": 3,
   "metadata": {},
   "outputs": [],
   "source": [
    "neg_class_mean_vector = np.array(pd.read_csv('./hwk2_datasets/DS1_m_0.txt', header=None)).T.reshape(20)\n",
    "pos_class_mean_vector = np.array(pd.read_csv('./hwk2_datasets/DS1_m_1.txt', header=None)).T.reshape(20)\n",
    "cov_matrix = np.array(pd.read_csv('./hwk2_datasets/DS1_Cov.txt', header=None))"
   ]
  },
  {
   "cell_type": "code",
   "execution_count": 4,
   "metadata": {},
   "outputs": [
    {
     "data": {
      "text/plain": [
       "(20,)"
      ]
     },
     "execution_count": 4,
     "metadata": {},
     "output_type": "execute_result"
    }
   ],
   "source": [
    "neg_class_mean_vector.shape"
   ]
  },
  {
   "cell_type": "code",
   "execution_count": 5,
   "metadata": {},
   "outputs": [
    {
     "data": {
      "text/plain": [
       "(20,)"
      ]
     },
     "execution_count": 5,
     "metadata": {},
     "output_type": "execute_result"
    }
   ],
   "source": [
    "pos_class_mean_vector.shape"
   ]
  },
  {
   "cell_type": "code",
   "execution_count": 6,
   "metadata": {},
   "outputs": [
    {
     "data": {
      "text/plain": [
       "(20, 20)"
      ]
     },
     "execution_count": 6,
     "metadata": {},
     "output_type": "execute_result"
    }
   ],
   "source": [
    "cov_matrix.shape"
   ]
  },
  {
   "cell_type": "code",
   "execution_count": 7,
   "metadata": {
    "scrolled": true
   },
   "outputs": [
    {
     "data": {
      "text/plain": [
       "array([1.3, 1.3, 1.3, 1.3, 1.3, 1.3, 1.3, 1.3, 1.3, 1.3, 1.3, 1.3, 1.3,\n",
       "       1.3, 1.3, 1.3, 1.3, 1.3, 1.3, 1.3])"
      ]
     },
     "execution_count": 7,
     "metadata": {},
     "output_type": "execute_result"
    }
   ],
   "source": [
    "neg_class_mean_vector"
   ]
  },
  {
   "cell_type": "code",
   "execution_count": 8,
   "metadata": {},
   "outputs": [
    {
     "data": {
      "text/plain": [
       "array([2., 2., 2., 2., 2., 2., 2., 2., 2., 2., 2., 2., 2., 2., 2., 2., 2.,\n",
       "       2., 2., 2.])"
      ]
     },
     "execution_count": 8,
     "metadata": {},
     "output_type": "execute_result"
    }
   ],
   "source": [
    "pos_class_mean_vector"
   ]
  },
  {
   "cell_type": "code",
   "execution_count": 9,
   "metadata": {
    "collapsed": true
   },
   "outputs": [
    {
     "data": {
      "text/plain": [
       "array([[7.92747613, 5.48849335, 6.18812365, 5.17766549, 5.84803095,\n",
       "        6.15325514, 4.6623167 , 5.45500286, 4.98574312, 5.18758586,\n",
       "        3.9436397 , 5.26132514, 7.09637106, 5.99810181, 6.0932167 ,\n",
       "        5.99518462, 5.87317499, 5.70538764, 5.59907089, 5.91786273],\n",
       "       [5.48849335, 6.81598145, 5.34490996, 4.31020106, 5.41645238,\n",
       "        5.53995027, 4.30811201, 3.93658438, 4.11429237, 4.98428213,\n",
       "        3.34393835, 4.59050685, 5.85714703, 5.07764986, 5.41356597,\n",
       "        5.19974264, 5.60959615, 5.09170926, 5.31814733, 5.27567458],\n",
       "       [6.18812365, 5.34490996, 7.322937  , 4.87361613, 5.78994181,\n",
       "        6.60647915, 4.61175555, 4.83989875, 4.86905732, 5.05339559,\n",
       "        3.26344459, 4.68117364, 6.36913218, 5.17240371, 6.107158  ,\n",
       "        5.99640412, 6.24914837, 4.99487173, 4.72323191, 5.0810024 ],\n",
       "       [5.17766549, 4.31020106, 4.87361613, 5.77060116, 5.26312518,\n",
       "        4.50414113, 3.70666948, 4.39831182, 3.37569889, 4.20589158,\n",
       "        2.74695007, 4.1714241 , 5.86605885, 4.78774458, 4.78672203,\n",
       "        5.08695389, 4.67678137, 4.57195323, 3.91537274, 5.75972062],\n",
       "       [5.84803095, 5.41645238, 5.78994181, 5.26312518, 7.01239219,\n",
       "        5.39143047, 5.00679847, 4.38069986, 4.64759399, 5.11560693,\n",
       "        4.07101072, 4.99248684, 6.2216833 , 5.83054834, 5.95588404,\n",
       "        6.17991278, 5.89633465, 5.15754486, 5.35690654, 5.72019074],\n",
       "       [6.15325514, 5.53995027, 6.60647915, 4.50414113, 5.39143047,\n",
       "        6.73659871, 4.45649259, 4.90819445, 4.73391895, 5.30643771,\n",
       "        2.98349649, 4.82631716, 6.37875695, 4.98412722, 5.80736823,\n",
       "        6.00013022, 5.93975039, 4.99010068, 4.79687342, 5.19390579],\n",
       "       [4.6623167 , 4.30811201, 4.61175555, 3.70666948, 5.00679847,\n",
       "        4.45649259, 5.15327816, 3.89248991, 3.94043875, 4.32608261,\n",
       "        2.98887118, 4.33684719, 4.6987155 , 4.12621678, 4.69532302,\n",
       "        5.26589859, 4.31675998, 3.68245247, 4.60214716, 3.8718588 ],\n",
       "       [5.45500286, 3.93658438, 4.83989875, 4.39831182, 4.38069986,\n",
       "        4.90819445, 3.89248991, 6.02421683, 3.57582001, 4.90028608,\n",
       "        2.53175277, 4.87397837, 6.17340907, 5.18646095, 4.9062092 ,\n",
       "        6.17541256, 4.53542361, 4.93591903, 4.82770474, 4.49208748],\n",
       "       [4.98574312, 4.11429237, 4.86905732, 3.37569889, 4.64759399,\n",
       "        4.73391895, 3.94043875, 3.57582001, 4.93819672, 4.622955  ,\n",
       "        3.10824518, 4.07317558, 5.07802813, 4.62466362, 4.88140573,\n",
       "        5.11636804, 5.10593429, 4.06190408, 4.21466406, 4.04194538],\n",
       "       [5.18758586, 4.98428213, 5.05339559, 4.20589158, 5.11560693,\n",
       "        5.30643771, 4.32608261, 4.90028608, 4.622955  , 7.05196469,\n",
       "        3.27078036, 4.70649653, 6.80870714, 5.16872023, 4.98485588,\n",
       "        5.95197592, 4.7432323 , 5.27218812, 4.51770864, 5.2901418 ],\n",
       "       [3.9436397 , 3.34393835, 3.26344459, 2.74695007, 4.07101072,\n",
       "        2.98349649, 2.98887118, 2.53175277, 3.10824518, 3.27078036,\n",
       "        3.32925254, 2.88538599, 3.71248416, 3.88910195, 3.57770032,\n",
       "        3.63856611, 3.61658951, 3.19715094, 3.71649378, 3.44846334],\n",
       "       [5.26132514, 4.59050685, 4.68117364, 4.1714241 , 4.99248684,\n",
       "        4.82631716, 4.33684719, 4.87397837, 4.07317558, 4.70649653,\n",
       "        2.88538599, 5.26795827, 6.00123918, 5.00792617, 4.81447736,\n",
       "        5.56166685, 5.04940488, 4.88317354, 5.02705151, 4.48212019],\n",
       "       [7.09637106, 5.85714703, 6.36913218, 5.86605885, 6.2216833 ,\n",
       "        6.37875695, 4.6987155 , 6.17340907, 5.07802813, 6.80870714,\n",
       "        3.71248416, 6.00123918, 9.05303755, 6.27727968, 6.23240739,\n",
       "        6.57061448, 6.00662195, 6.34972468, 5.87165804, 7.25375353],\n",
       "       [5.99810181, 5.07764986, 5.17240371, 4.78774458, 5.83054834,\n",
       "        4.98412722, 4.12621678, 5.18646095, 4.62466362, 5.16872023,\n",
       "        3.88910195, 5.00792617, 6.27727968, 6.90345861, 5.85117855,\n",
       "        6.21468055, 5.6886307 , 5.61334089, 5.87982214, 5.45148242],\n",
       "       [6.0932167 , 5.41356597, 6.107158  , 4.78672203, 5.95588404,\n",
       "        5.80736823, 4.69532302, 4.9062092 , 4.88140573, 4.98485588,\n",
       "        3.57770032, 4.81447736, 6.23240739, 5.85117855, 6.94254049,\n",
       "        7.13848616, 5.82374197, 5.12770585, 5.45990133, 5.688824  ],\n",
       "       [5.99518462, 5.19974264, 5.99640412, 5.08695389, 6.17991278,\n",
       "        6.00013022, 5.26589859, 6.17541256, 5.11636804, 5.95197592,\n",
       "        3.63856611, 5.56166685, 6.57061448, 6.21468055, 7.13848616,\n",
       "        9.27652805, 5.86248831, 5.8938436 , 5.65844133, 5.86034762],\n",
       "       [5.87317499, 5.60959615, 6.24914837, 4.67678137, 5.89633465,\n",
       "        5.93975039, 4.31675998, 4.53542361, 5.10593429, 4.7432323 ,\n",
       "        3.61658951, 5.04940488, 6.00662195, 5.6886307 , 5.82374197,\n",
       "        5.86248831, 6.75920034, 5.19311847, 5.32663333, 4.94557014],\n",
       "       [5.70538764, 5.09170926, 4.99487173, 4.57195323, 5.15754486,\n",
       "        4.99010068, 3.68245247, 4.93591903, 4.06190408, 5.27218812,\n",
       "        3.19715094, 4.88317354, 6.34972468, 5.61334089, 5.12770585,\n",
       "        5.8938436 , 5.19311847, 5.96390927, 4.84794484, 5.12375508],\n",
       "       [5.59907089, 5.31814733, 4.72323191, 3.91537274, 5.35690654,\n",
       "        4.79687342, 4.60214716, 4.82770474, 4.21466406, 4.51770864,\n",
       "        3.71649378, 5.02705151, 5.87165804, 5.87982214, 5.45990133,\n",
       "        5.65844133, 5.32663333, 4.84794484, 6.35142867, 4.89494004],\n",
       "       [5.91786273, 5.27567458, 5.0810024 , 5.75972062, 5.72019074,\n",
       "        5.19390579, 3.8718588 , 4.49208748, 4.04194538, 5.2901418 ,\n",
       "        3.44846334, 4.48212019, 7.25375353, 5.45148242, 5.688824  ,\n",
       "        5.86034762, 4.94557014, 5.12375508, 4.89494004, 7.88428428]])"
      ]
     },
     "execution_count": 9,
     "metadata": {},
     "output_type": "execute_result"
    }
   ],
   "source": [
    "cov_matrix"
   ]
  },
  {
   "cell_type": "code",
   "execution_count": 10,
   "metadata": {},
   "outputs": [],
   "source": [
    "pos_class_examples = np.random.multivariate_normal(pos_class_mean_vector, cov_matrix, size=2000)"
   ]
  },
  {
   "cell_type": "code",
   "execution_count": 11,
   "metadata": {},
   "outputs": [],
   "source": [
    "neg_class_examples = np.random.multivariate_normal(neg_class_mean_vector, cov_matrix, size=2000)"
   ]
  },
  {
   "cell_type": "code",
   "execution_count": 12,
   "metadata": {},
   "outputs": [
    {
     "data": {
      "text/plain": [
       "array([[5.63168025, 2.55026066, 2.9755974 , ..., 1.75054058, 2.90850697,\n",
       "        7.09892685],\n",
       "       [2.51510547, 3.16771708, 1.49660664, ..., 1.98443507, 2.20573625,\n",
       "        3.74205479],\n",
       "       [4.18610573, 3.92442676, 5.47370805, ..., 2.76988967, 4.21187242,\n",
       "        4.81768245],\n",
       "       ...,\n",
       "       [4.23636083, 5.10717526, 3.80877252, ..., 3.48969677, 4.12508897,\n",
       "        8.99632019],\n",
       "       [5.49534166, 4.73958111, 3.97867114, ..., 5.13110568, 3.83844313,\n",
       "        5.75937578],\n",
       "       [3.8984199 , 5.41749709, 3.93884541, ..., 5.11019669, 3.63392368,\n",
       "        5.72995492]])"
      ]
     },
     "execution_count": 12,
     "metadata": {},
     "output_type": "execute_result"
    }
   ],
   "source": [
    "pos_class_examples"
   ]
  },
  {
   "cell_type": "code",
   "execution_count": 13,
   "metadata": {},
   "outputs": [],
   "source": [
    "pos_df = pd.DataFrame(data=pos_class_examples)"
   ]
  },
  {
   "cell_type": "code",
   "execution_count": 14,
   "metadata": {
    "scrolled": true
   },
   "outputs": [
    {
     "data": {
      "text/html": [
       "<div>\n",
       "<style scoped>\n",
       "    .dataframe tbody tr th:only-of-type {\n",
       "        vertical-align: middle;\n",
       "    }\n",
       "\n",
       "    .dataframe tbody tr th {\n",
       "        vertical-align: top;\n",
       "    }\n",
       "\n",
       "    .dataframe thead th {\n",
       "        text-align: right;\n",
       "    }\n",
       "</style>\n",
       "<table border=\"1\" class=\"dataframe\">\n",
       "  <thead>\n",
       "    <tr style=\"text-align: right;\">\n",
       "      <th></th>\n",
       "      <th>0</th>\n",
       "      <th>1</th>\n",
       "      <th>2</th>\n",
       "      <th>3</th>\n",
       "      <th>4</th>\n",
       "      <th>5</th>\n",
       "      <th>6</th>\n",
       "      <th>7</th>\n",
       "      <th>8</th>\n",
       "      <th>9</th>\n",
       "      <th>10</th>\n",
       "      <th>11</th>\n",
       "      <th>12</th>\n",
       "      <th>13</th>\n",
       "      <th>14</th>\n",
       "      <th>15</th>\n",
       "      <th>16</th>\n",
       "      <th>17</th>\n",
       "      <th>18</th>\n",
       "      <th>19</th>\n",
       "    </tr>\n",
       "  </thead>\n",
       "  <tbody>\n",
       "    <tr>\n",
       "      <th>0</th>\n",
       "      <td>5.631680</td>\n",
       "      <td>2.550261</td>\n",
       "      <td>2.975597</td>\n",
       "      <td>5.443493</td>\n",
       "      <td>5.285368</td>\n",
       "      <td>2.993124</td>\n",
       "      <td>5.233979</td>\n",
       "      <td>1.981526</td>\n",
       "      <td>5.404920</td>\n",
       "      <td>3.004033</td>\n",
       "      <td>3.023746</td>\n",
       "      <td>3.496008</td>\n",
       "      <td>5.017959</td>\n",
       "      <td>3.124475</td>\n",
       "      <td>4.821007</td>\n",
       "      <td>3.677372</td>\n",
       "      <td>2.943152</td>\n",
       "      <td>1.750541</td>\n",
       "      <td>2.908507</td>\n",
       "      <td>7.098927</td>\n",
       "    </tr>\n",
       "    <tr>\n",
       "      <th>1</th>\n",
       "      <td>2.515105</td>\n",
       "      <td>3.167717</td>\n",
       "      <td>1.496607</td>\n",
       "      <td>2.844571</td>\n",
       "      <td>4.919629</td>\n",
       "      <td>2.134228</td>\n",
       "      <td>2.903367</td>\n",
       "      <td>1.408715</td>\n",
       "      <td>1.950255</td>\n",
       "      <td>3.057005</td>\n",
       "      <td>2.589139</td>\n",
       "      <td>2.770811</td>\n",
       "      <td>2.671366</td>\n",
       "      <td>3.552536</td>\n",
       "      <td>2.457927</td>\n",
       "      <td>1.795991</td>\n",
       "      <td>1.573801</td>\n",
       "      <td>1.984435</td>\n",
       "      <td>2.205736</td>\n",
       "      <td>3.742055</td>\n",
       "    </tr>\n",
       "    <tr>\n",
       "      <th>2</th>\n",
       "      <td>4.186106</td>\n",
       "      <td>3.924427</td>\n",
       "      <td>5.473708</td>\n",
       "      <td>4.848829</td>\n",
       "      <td>5.192011</td>\n",
       "      <td>4.661893</td>\n",
       "      <td>3.528833</td>\n",
       "      <td>4.402648</td>\n",
       "      <td>2.483242</td>\n",
       "      <td>2.189809</td>\n",
       "      <td>1.993316</td>\n",
       "      <td>4.062197</td>\n",
       "      <td>5.154839</td>\n",
       "      <td>3.113077</td>\n",
       "      <td>5.677358</td>\n",
       "      <td>3.248480</td>\n",
       "      <td>4.866808</td>\n",
       "      <td>2.769890</td>\n",
       "      <td>4.211872</td>\n",
       "      <td>4.817682</td>\n",
       "    </tr>\n",
       "    <tr>\n",
       "      <th>3</th>\n",
       "      <td>0.966963</td>\n",
       "      <td>-1.257797</td>\n",
       "      <td>1.183083</td>\n",
       "      <td>1.088397</td>\n",
       "      <td>2.121410</td>\n",
       "      <td>-0.259063</td>\n",
       "      <td>3.072440</td>\n",
       "      <td>-0.276553</td>\n",
       "      <td>1.079013</td>\n",
       "      <td>-1.803641</td>\n",
       "      <td>2.070095</td>\n",
       "      <td>-0.391135</td>\n",
       "      <td>-1.981709</td>\n",
       "      <td>0.579947</td>\n",
       "      <td>1.158592</td>\n",
       "      <td>-1.127277</td>\n",
       "      <td>0.323500</td>\n",
       "      <td>-2.183209</td>\n",
       "      <td>1.230417</td>\n",
       "      <td>-1.191532</td>\n",
       "    </tr>\n",
       "    <tr>\n",
       "      <th>4</th>\n",
       "      <td>8.192334</td>\n",
       "      <td>4.240010</td>\n",
       "      <td>6.749272</td>\n",
       "      <td>5.275964</td>\n",
       "      <td>3.648704</td>\n",
       "      <td>6.055795</td>\n",
       "      <td>3.563111</td>\n",
       "      <td>5.960944</td>\n",
       "      <td>4.739175</td>\n",
       "      <td>1.139062</td>\n",
       "      <td>3.593311</td>\n",
       "      <td>5.027350</td>\n",
       "      <td>5.345645</td>\n",
       "      <td>5.243826</td>\n",
       "      <td>7.357549</td>\n",
       "      <td>7.074416</td>\n",
       "      <td>6.634938</td>\n",
       "      <td>6.040649</td>\n",
       "      <td>5.996255</td>\n",
       "      <td>6.622765</td>\n",
       "    </tr>\n",
       "    <tr>\n",
       "      <th>5</th>\n",
       "      <td>-0.110495</td>\n",
       "      <td>-0.140615</td>\n",
       "      <td>0.188232</td>\n",
       "      <td>-0.413897</td>\n",
       "      <td>-0.897794</td>\n",
       "      <td>-0.664758</td>\n",
       "      <td>-0.064689</td>\n",
       "      <td>0.369527</td>\n",
       "      <td>0.793542</td>\n",
       "      <td>0.613410</td>\n",
       "      <td>0.242282</td>\n",
       "      <td>0.318902</td>\n",
       "      <td>1.402078</td>\n",
       "      <td>0.806296</td>\n",
       "      <td>-0.283460</td>\n",
       "      <td>-1.345558</td>\n",
       "      <td>-0.780489</td>\n",
       "      <td>1.364779</td>\n",
       "      <td>0.127021</td>\n",
       "      <td>-0.547273</td>\n",
       "    </tr>\n",
       "    <tr>\n",
       "      <th>6</th>\n",
       "      <td>4.450614</td>\n",
       "      <td>2.171145</td>\n",
       "      <td>3.025385</td>\n",
       "      <td>3.434445</td>\n",
       "      <td>1.652084</td>\n",
       "      <td>4.169872</td>\n",
       "      <td>0.618841</td>\n",
       "      <td>3.711060</td>\n",
       "      <td>3.571477</td>\n",
       "      <td>5.039555</td>\n",
       "      <td>2.421037</td>\n",
       "      <td>2.840141</td>\n",
       "      <td>6.915272</td>\n",
       "      <td>3.403268</td>\n",
       "      <td>1.587244</td>\n",
       "      <td>0.386240</td>\n",
       "      <td>2.854782</td>\n",
       "      <td>2.207536</td>\n",
       "      <td>2.523303</td>\n",
       "      <td>6.280792</td>\n",
       "    </tr>\n",
       "    <tr>\n",
       "      <th>7</th>\n",
       "      <td>2.967900</td>\n",
       "      <td>3.123666</td>\n",
       "      <td>5.036662</td>\n",
       "      <td>3.953486</td>\n",
       "      <td>3.468632</td>\n",
       "      <td>5.258701</td>\n",
       "      <td>2.424406</td>\n",
       "      <td>3.488909</td>\n",
       "      <td>2.666517</td>\n",
       "      <td>3.681611</td>\n",
       "      <td>1.868143</td>\n",
       "      <td>2.819377</td>\n",
       "      <td>5.300602</td>\n",
       "      <td>2.861849</td>\n",
       "      <td>3.175510</td>\n",
       "      <td>3.179810</td>\n",
       "      <td>3.173096</td>\n",
       "      <td>2.063370</td>\n",
       "      <td>2.382399</td>\n",
       "      <td>5.927857</td>\n",
       "    </tr>\n",
       "    <tr>\n",
       "      <th>8</th>\n",
       "      <td>2.993988</td>\n",
       "      <td>3.476062</td>\n",
       "      <td>2.914227</td>\n",
       "      <td>3.663023</td>\n",
       "      <td>3.241889</td>\n",
       "      <td>3.119930</td>\n",
       "      <td>4.041030</td>\n",
       "      <td>4.102294</td>\n",
       "      <td>5.685004</td>\n",
       "      <td>5.288981</td>\n",
       "      <td>3.522551</td>\n",
       "      <td>3.475069</td>\n",
       "      <td>3.656114</td>\n",
       "      <td>4.256655</td>\n",
       "      <td>3.920320</td>\n",
       "      <td>4.933890</td>\n",
       "      <td>4.617362</td>\n",
       "      <td>2.047863</td>\n",
       "      <td>3.603594</td>\n",
       "      <td>1.996895</td>\n",
       "    </tr>\n",
       "    <tr>\n",
       "      <th>9</th>\n",
       "      <td>4.178320</td>\n",
       "      <td>2.688421</td>\n",
       "      <td>1.850788</td>\n",
       "      <td>4.014961</td>\n",
       "      <td>4.461713</td>\n",
       "      <td>3.697251</td>\n",
       "      <td>4.030271</td>\n",
       "      <td>2.590149</td>\n",
       "      <td>4.608121</td>\n",
       "      <td>2.794253</td>\n",
       "      <td>4.526915</td>\n",
       "      <td>3.783469</td>\n",
       "      <td>2.959018</td>\n",
       "      <td>3.750422</td>\n",
       "      <td>3.162894</td>\n",
       "      <td>3.257717</td>\n",
       "      <td>4.436541</td>\n",
       "      <td>1.506080</td>\n",
       "      <td>3.725050</td>\n",
       "      <td>3.414341</td>\n",
       "    </tr>\n",
       "    <tr>\n",
       "      <th>10</th>\n",
       "      <td>2.189865</td>\n",
       "      <td>2.294724</td>\n",
       "      <td>2.255673</td>\n",
       "      <td>4.171449</td>\n",
       "      <td>2.432148</td>\n",
       "      <td>1.166412</td>\n",
       "      <td>2.108264</td>\n",
       "      <td>2.856910</td>\n",
       "      <td>0.802770</td>\n",
       "      <td>-0.471029</td>\n",
       "      <td>2.809356</td>\n",
       "      <td>2.052615</td>\n",
       "      <td>1.043826</td>\n",
       "      <td>4.389075</td>\n",
       "      <td>3.113824</td>\n",
       "      <td>1.889717</td>\n",
       "      <td>2.735682</td>\n",
       "      <td>1.823232</td>\n",
       "      <td>4.161416</td>\n",
       "      <td>3.183779</td>\n",
       "    </tr>\n",
       "    <tr>\n",
       "      <th>11</th>\n",
       "      <td>4.474866</td>\n",
       "      <td>5.456773</td>\n",
       "      <td>4.566588</td>\n",
       "      <td>3.735548</td>\n",
       "      <td>3.645686</td>\n",
       "      <td>3.893234</td>\n",
       "      <td>5.783091</td>\n",
       "      <td>5.050598</td>\n",
       "      <td>4.146732</td>\n",
       "      <td>5.127934</td>\n",
       "      <td>3.497782</td>\n",
       "      <td>5.676268</td>\n",
       "      <td>5.478594</td>\n",
       "      <td>5.670222</td>\n",
       "      <td>5.130354</td>\n",
       "      <td>4.234243</td>\n",
       "      <td>4.289966</td>\n",
       "      <td>5.884683</td>\n",
       "      <td>6.613845</td>\n",
       "      <td>3.260293</td>\n",
       "    </tr>\n",
       "    <tr>\n",
       "      <th>12</th>\n",
       "      <td>2.883971</td>\n",
       "      <td>2.125957</td>\n",
       "      <td>0.347785</td>\n",
       "      <td>1.472617</td>\n",
       "      <td>-0.026862</td>\n",
       "      <td>1.006739</td>\n",
       "      <td>1.025359</td>\n",
       "      <td>1.513798</td>\n",
       "      <td>0.313362</td>\n",
       "      <td>-0.820700</td>\n",
       "      <td>0.236841</td>\n",
       "      <td>1.624180</td>\n",
       "      <td>-0.088474</td>\n",
       "      <td>1.336854</td>\n",
       "      <td>1.955482</td>\n",
       "      <td>0.359072</td>\n",
       "      <td>0.667912</td>\n",
       "      <td>1.928530</td>\n",
       "      <td>1.768842</td>\n",
       "      <td>0.695388</td>\n",
       "    </tr>\n",
       "    <tr>\n",
       "      <th>13</th>\n",
       "      <td>-1.070708</td>\n",
       "      <td>-0.329158</td>\n",
       "      <td>0.003444</td>\n",
       "      <td>1.317697</td>\n",
       "      <td>-1.337457</td>\n",
       "      <td>-0.573989</td>\n",
       "      <td>-1.226549</td>\n",
       "      <td>-2.570478</td>\n",
       "      <td>-1.524088</td>\n",
       "      <td>-1.331760</td>\n",
       "      <td>-0.701961</td>\n",
       "      <td>-1.279844</td>\n",
       "      <td>-0.611477</td>\n",
       "      <td>-3.118644</td>\n",
       "      <td>-5.135448</td>\n",
       "      <td>-6.046029</td>\n",
       "      <td>-1.311709</td>\n",
       "      <td>-0.131572</td>\n",
       "      <td>-3.549523</td>\n",
       "      <td>-0.399764</td>\n",
       "    </tr>\n",
       "    <tr>\n",
       "      <th>14</th>\n",
       "      <td>1.974751</td>\n",
       "      <td>3.100397</td>\n",
       "      <td>3.650915</td>\n",
       "      <td>0.325733</td>\n",
       "      <td>2.888986</td>\n",
       "      <td>3.051472</td>\n",
       "      <td>6.550490</td>\n",
       "      <td>4.664496</td>\n",
       "      <td>6.101734</td>\n",
       "      <td>6.954217</td>\n",
       "      <td>2.765022</td>\n",
       "      <td>4.755758</td>\n",
       "      <td>4.219297</td>\n",
       "      <td>3.540494</td>\n",
       "      <td>4.359235</td>\n",
       "      <td>6.431211</td>\n",
       "      <td>3.124772</td>\n",
       "      <td>3.133797</td>\n",
       "      <td>4.939934</td>\n",
       "      <td>1.153509</td>\n",
       "    </tr>\n",
       "    <tr>\n",
       "      <th>15</th>\n",
       "      <td>2.540642</td>\n",
       "      <td>3.781505</td>\n",
       "      <td>-0.022506</td>\n",
       "      <td>3.652684</td>\n",
       "      <td>2.182094</td>\n",
       "      <td>1.008520</td>\n",
       "      <td>2.515416</td>\n",
       "      <td>1.230890</td>\n",
       "      <td>1.581908</td>\n",
       "      <td>1.400796</td>\n",
       "      <td>2.782383</td>\n",
       "      <td>2.113914</td>\n",
       "      <td>1.808786</td>\n",
       "      <td>2.005467</td>\n",
       "      <td>2.240489</td>\n",
       "      <td>1.762704</td>\n",
       "      <td>2.028821</td>\n",
       "      <td>2.113030</td>\n",
       "      <td>3.261195</td>\n",
       "      <td>5.008014</td>\n",
       "    </tr>\n",
       "    <tr>\n",
       "      <th>16</th>\n",
       "      <td>3.305772</td>\n",
       "      <td>1.667408</td>\n",
       "      <td>2.326942</td>\n",
       "      <td>3.581953</td>\n",
       "      <td>3.358580</td>\n",
       "      <td>2.567522</td>\n",
       "      <td>4.765971</td>\n",
       "      <td>3.873823</td>\n",
       "      <td>3.253330</td>\n",
       "      <td>4.311150</td>\n",
       "      <td>2.355309</td>\n",
       "      <td>3.986081</td>\n",
       "      <td>4.266989</td>\n",
       "      <td>2.477927</td>\n",
       "      <td>2.203489</td>\n",
       "      <td>2.772041</td>\n",
       "      <td>1.880255</td>\n",
       "      <td>1.951204</td>\n",
       "      <td>2.687566</td>\n",
       "      <td>2.972520</td>\n",
       "    </tr>\n",
       "    <tr>\n",
       "      <th>17</th>\n",
       "      <td>0.814926</td>\n",
       "      <td>1.086793</td>\n",
       "      <td>1.709574</td>\n",
       "      <td>0.723019</td>\n",
       "      <td>-0.335571</td>\n",
       "      <td>2.940090</td>\n",
       "      <td>1.356631</td>\n",
       "      <td>1.253533</td>\n",
       "      <td>0.575352</td>\n",
       "      <td>0.235805</td>\n",
       "      <td>-1.052678</td>\n",
       "      <td>2.097342</td>\n",
       "      <td>-0.352707</td>\n",
       "      <td>-1.695943</td>\n",
       "      <td>1.061747</td>\n",
       "      <td>2.528653</td>\n",
       "      <td>0.937343</td>\n",
       "      <td>1.000640</td>\n",
       "      <td>-1.147048</td>\n",
       "      <td>0.554199</td>\n",
       "    </tr>\n",
       "    <tr>\n",
       "      <th>18</th>\n",
       "      <td>8.784351</td>\n",
       "      <td>6.037075</td>\n",
       "      <td>7.862436</td>\n",
       "      <td>5.459627</td>\n",
       "      <td>5.753663</td>\n",
       "      <td>7.666926</td>\n",
       "      <td>5.803334</td>\n",
       "      <td>5.772531</td>\n",
       "      <td>6.139025</td>\n",
       "      <td>6.321219</td>\n",
       "      <td>4.478601</td>\n",
       "      <td>5.689251</td>\n",
       "      <td>9.508071</td>\n",
       "      <td>5.424232</td>\n",
       "      <td>6.930175</td>\n",
       "      <td>5.127155</td>\n",
       "      <td>5.400441</td>\n",
       "      <td>3.874417</td>\n",
       "      <td>6.030487</td>\n",
       "      <td>8.802928</td>\n",
       "    </tr>\n",
       "    <tr>\n",
       "      <th>19</th>\n",
       "      <td>-3.969476</td>\n",
       "      <td>-2.486469</td>\n",
       "      <td>-6.081128</td>\n",
       "      <td>-5.196603</td>\n",
       "      <td>-5.584295</td>\n",
       "      <td>-4.901094</td>\n",
       "      <td>-3.514543</td>\n",
       "      <td>-3.291509</td>\n",
       "      <td>-3.124131</td>\n",
       "      <td>-3.162209</td>\n",
       "      <td>-1.514512</td>\n",
       "      <td>-3.047200</td>\n",
       "      <td>-5.559416</td>\n",
       "      <td>-3.541384</td>\n",
       "      <td>-5.650020</td>\n",
       "      <td>-5.825194</td>\n",
       "      <td>-4.597125</td>\n",
       "      <td>-4.012725</td>\n",
       "      <td>-2.892231</td>\n",
       "      <td>-5.078703</td>\n",
       "    </tr>\n",
       "    <tr>\n",
       "      <th>20</th>\n",
       "      <td>1.718483</td>\n",
       "      <td>1.110385</td>\n",
       "      <td>2.573373</td>\n",
       "      <td>2.798725</td>\n",
       "      <td>4.043168</td>\n",
       "      <td>2.456368</td>\n",
       "      <td>2.395483</td>\n",
       "      <td>4.095330</td>\n",
       "      <td>3.769628</td>\n",
       "      <td>4.364257</td>\n",
       "      <td>3.501135</td>\n",
       "      <td>3.146993</td>\n",
       "      <td>3.592814</td>\n",
       "      <td>4.389452</td>\n",
       "      <td>3.731779</td>\n",
       "      <td>5.601961</td>\n",
       "      <td>3.859073</td>\n",
       "      <td>2.745467</td>\n",
       "      <td>3.597004</td>\n",
       "      <td>3.963831</td>\n",
       "    </tr>\n",
       "    <tr>\n",
       "      <th>21</th>\n",
       "      <td>5.523505</td>\n",
       "      <td>5.115870</td>\n",
       "      <td>6.553630</td>\n",
       "      <td>5.818069</td>\n",
       "      <td>6.523006</td>\n",
       "      <td>6.939709</td>\n",
       "      <td>8.486906</td>\n",
       "      <td>9.203852</td>\n",
       "      <td>6.257908</td>\n",
       "      <td>9.336275</td>\n",
       "      <td>4.633189</td>\n",
       "      <td>7.675824</td>\n",
       "      <td>8.052838</td>\n",
       "      <td>6.831763</td>\n",
       "      <td>6.640607</td>\n",
       "      <td>10.968075</td>\n",
       "      <td>5.742661</td>\n",
       "      <td>6.736594</td>\n",
       "      <td>6.985654</td>\n",
       "      <td>5.096314</td>\n",
       "    </tr>\n",
       "    <tr>\n",
       "      <th>22</th>\n",
       "      <td>-0.650610</td>\n",
       "      <td>0.499840</td>\n",
       "      <td>-2.082719</td>\n",
       "      <td>0.655870</td>\n",
       "      <td>0.827450</td>\n",
       "      <td>-0.932312</td>\n",
       "      <td>1.281792</td>\n",
       "      <td>-0.132618</td>\n",
       "      <td>2.559937</td>\n",
       "      <td>3.729091</td>\n",
       "      <td>1.243814</td>\n",
       "      <td>2.205613</td>\n",
       "      <td>3.087924</td>\n",
       "      <td>2.328257</td>\n",
       "      <td>-0.763392</td>\n",
       "      <td>-1.899577</td>\n",
       "      <td>-0.070308</td>\n",
       "      <td>1.588071</td>\n",
       "      <td>2.084293</td>\n",
       "      <td>2.556598</td>\n",
       "    </tr>\n",
       "    <tr>\n",
       "      <th>23</th>\n",
       "      <td>-1.620091</td>\n",
       "      <td>0.913751</td>\n",
       "      <td>-2.643550</td>\n",
       "      <td>-1.766656</td>\n",
       "      <td>-1.176692</td>\n",
       "      <td>-1.450848</td>\n",
       "      <td>-0.162295</td>\n",
       "      <td>-1.678920</td>\n",
       "      <td>-1.079914</td>\n",
       "      <td>-2.028571</td>\n",
       "      <td>0.427752</td>\n",
       "      <td>1.527296</td>\n",
       "      <td>-1.300684</td>\n",
       "      <td>-1.249915</td>\n",
       "      <td>-3.009079</td>\n",
       "      <td>-4.083725</td>\n",
       "      <td>-0.346331</td>\n",
       "      <td>-0.148174</td>\n",
       "      <td>0.674645</td>\n",
       "      <td>-2.314592</td>\n",
       "    </tr>\n",
       "    <tr>\n",
       "      <th>24</th>\n",
       "      <td>2.768795</td>\n",
       "      <td>1.153009</td>\n",
       "      <td>-0.042943</td>\n",
       "      <td>3.211132</td>\n",
       "      <td>1.752320</td>\n",
       "      <td>0.604353</td>\n",
       "      <td>0.807096</td>\n",
       "      <td>2.374582</td>\n",
       "      <td>-0.256320</td>\n",
       "      <td>-3.036284</td>\n",
       "      <td>1.659361</td>\n",
       "      <td>2.210733</td>\n",
       "      <td>1.165348</td>\n",
       "      <td>3.115322</td>\n",
       "      <td>1.184140</td>\n",
       "      <td>0.165796</td>\n",
       "      <td>1.861700</td>\n",
       "      <td>1.139477</td>\n",
       "      <td>3.724800</td>\n",
       "      <td>3.311697</td>\n",
       "    </tr>\n",
       "    <tr>\n",
       "      <th>25</th>\n",
       "      <td>9.535952</td>\n",
       "      <td>5.688224</td>\n",
       "      <td>7.227478</td>\n",
       "      <td>8.462430</td>\n",
       "      <td>7.408768</td>\n",
       "      <td>7.078742</td>\n",
       "      <td>6.449998</td>\n",
       "      <td>6.221465</td>\n",
       "      <td>5.560071</td>\n",
       "      <td>7.479107</td>\n",
       "      <td>5.970129</td>\n",
       "      <td>6.395499</td>\n",
       "      <td>8.574522</td>\n",
       "      <td>6.784940</td>\n",
       "      <td>5.623768</td>\n",
       "      <td>5.222230</td>\n",
       "      <td>6.166837</td>\n",
       "      <td>7.784618</td>\n",
       "      <td>5.542891</td>\n",
       "      <td>8.991576</td>\n",
       "    </tr>\n",
       "    <tr>\n",
       "      <th>26</th>\n",
       "      <td>2.447012</td>\n",
       "      <td>1.426787</td>\n",
       "      <td>3.788650</td>\n",
       "      <td>2.875567</td>\n",
       "      <td>4.654692</td>\n",
       "      <td>2.562820</td>\n",
       "      <td>1.663854</td>\n",
       "      <td>2.433773</td>\n",
       "      <td>3.805483</td>\n",
       "      <td>1.925152</td>\n",
       "      <td>2.759378</td>\n",
       "      <td>2.573259</td>\n",
       "      <td>1.886391</td>\n",
       "      <td>4.361709</td>\n",
       "      <td>2.852163</td>\n",
       "      <td>4.096182</td>\n",
       "      <td>4.851203</td>\n",
       "      <td>4.372703</td>\n",
       "      <td>2.645416</td>\n",
       "      <td>2.829767</td>\n",
       "    </tr>\n",
       "    <tr>\n",
       "      <th>27</th>\n",
       "      <td>1.930822</td>\n",
       "      <td>1.181085</td>\n",
       "      <td>2.035814</td>\n",
       "      <td>1.241720</td>\n",
       "      <td>1.082367</td>\n",
       "      <td>2.167375</td>\n",
       "      <td>1.644034</td>\n",
       "      <td>2.216134</td>\n",
       "      <td>0.701109</td>\n",
       "      <td>-2.260057</td>\n",
       "      <td>0.692589</td>\n",
       "      <td>2.594165</td>\n",
       "      <td>-0.920463</td>\n",
       "      <td>2.623661</td>\n",
       "      <td>2.212320</td>\n",
       "      <td>2.177997</td>\n",
       "      <td>2.406610</td>\n",
       "      <td>1.725378</td>\n",
       "      <td>2.703375</td>\n",
       "      <td>0.061472</td>\n",
       "    </tr>\n",
       "    <tr>\n",
       "      <th>28</th>\n",
       "      <td>1.709679</td>\n",
       "      <td>2.941666</td>\n",
       "      <td>-0.049217</td>\n",
       "      <td>1.594420</td>\n",
       "      <td>5.380779</td>\n",
       "      <td>1.652954</td>\n",
       "      <td>4.816822</td>\n",
       "      <td>1.433198</td>\n",
       "      <td>2.215067</td>\n",
       "      <td>4.396654</td>\n",
       "      <td>3.492118</td>\n",
       "      <td>2.515234</td>\n",
       "      <td>1.670528</td>\n",
       "      <td>2.592472</td>\n",
       "      <td>1.822183</td>\n",
       "      <td>3.701919</td>\n",
       "      <td>0.641033</td>\n",
       "      <td>2.180272</td>\n",
       "      <td>3.561171</td>\n",
       "      <td>2.871022</td>\n",
       "    </tr>\n",
       "    <tr>\n",
       "      <th>29</th>\n",
       "      <td>2.924384</td>\n",
       "      <td>2.243411</td>\n",
       "      <td>2.819344</td>\n",
       "      <td>1.952542</td>\n",
       "      <td>3.376062</td>\n",
       "      <td>3.273622</td>\n",
       "      <td>5.758484</td>\n",
       "      <td>1.436157</td>\n",
       "      <td>3.832820</td>\n",
       "      <td>4.323379</td>\n",
       "      <td>3.600352</td>\n",
       "      <td>3.241402</td>\n",
       "      <td>3.567091</td>\n",
       "      <td>-0.126170</td>\n",
       "      <td>2.716401</td>\n",
       "      <td>3.088998</td>\n",
       "      <td>1.816372</td>\n",
       "      <td>0.407837</td>\n",
       "      <td>2.269330</td>\n",
       "      <td>3.766688</td>\n",
       "    </tr>\n",
       "    <tr>\n",
       "      <th>...</th>\n",
       "      <td>...</td>\n",
       "      <td>...</td>\n",
       "      <td>...</td>\n",
       "      <td>...</td>\n",
       "      <td>...</td>\n",
       "      <td>...</td>\n",
       "      <td>...</td>\n",
       "      <td>...</td>\n",
       "      <td>...</td>\n",
       "      <td>...</td>\n",
       "      <td>...</td>\n",
       "      <td>...</td>\n",
       "      <td>...</td>\n",
       "      <td>...</td>\n",
       "      <td>...</td>\n",
       "      <td>...</td>\n",
       "      <td>...</td>\n",
       "      <td>...</td>\n",
       "      <td>...</td>\n",
       "      <td>...</td>\n",
       "    </tr>\n",
       "    <tr>\n",
       "      <th>1970</th>\n",
       "      <td>-1.026287</td>\n",
       "      <td>-0.555100</td>\n",
       "      <td>-1.838663</td>\n",
       "      <td>-0.247960</td>\n",
       "      <td>-0.737148</td>\n",
       "      <td>-0.322249</td>\n",
       "      <td>0.671836</td>\n",
       "      <td>-1.334722</td>\n",
       "      <td>0.056911</td>\n",
       "      <td>-2.397135</td>\n",
       "      <td>-0.537986</td>\n",
       "      <td>-0.634410</td>\n",
       "      <td>-2.880402</td>\n",
       "      <td>-1.892813</td>\n",
       "      <td>0.312878</td>\n",
       "      <td>0.775584</td>\n",
       "      <td>-0.649093</td>\n",
       "      <td>-1.462633</td>\n",
       "      <td>-0.131067</td>\n",
       "      <td>0.911276</td>\n",
       "    </tr>\n",
       "    <tr>\n",
       "      <th>1971</th>\n",
       "      <td>2.909303</td>\n",
       "      <td>1.879340</td>\n",
       "      <td>2.204762</td>\n",
       "      <td>2.767147</td>\n",
       "      <td>2.563041</td>\n",
       "      <td>3.082156</td>\n",
       "      <td>-0.955063</td>\n",
       "      <td>3.362751</td>\n",
       "      <td>1.940795</td>\n",
       "      <td>2.817688</td>\n",
       "      <td>2.500785</td>\n",
       "      <td>2.502325</td>\n",
       "      <td>5.241986</td>\n",
       "      <td>2.105231</td>\n",
       "      <td>3.021405</td>\n",
       "      <td>4.008065</td>\n",
       "      <td>3.280950</td>\n",
       "      <td>2.587073</td>\n",
       "      <td>1.655901</td>\n",
       "      <td>5.488739</td>\n",
       "    </tr>\n",
       "    <tr>\n",
       "      <th>1972</th>\n",
       "      <td>1.629091</td>\n",
       "      <td>1.050700</td>\n",
       "      <td>0.280407</td>\n",
       "      <td>1.608756</td>\n",
       "      <td>2.718783</td>\n",
       "      <td>1.091615</td>\n",
       "      <td>2.856078</td>\n",
       "      <td>0.872781</td>\n",
       "      <td>2.401814</td>\n",
       "      <td>0.375057</td>\n",
       "      <td>2.604949</td>\n",
       "      <td>1.783385</td>\n",
       "      <td>1.092696</td>\n",
       "      <td>2.102348</td>\n",
       "      <td>2.364770</td>\n",
       "      <td>2.744742</td>\n",
       "      <td>1.557064</td>\n",
       "      <td>0.714433</td>\n",
       "      <td>3.292552</td>\n",
       "      <td>3.659585</td>\n",
       "    </tr>\n",
       "    <tr>\n",
       "      <th>1973</th>\n",
       "      <td>0.321506</td>\n",
       "      <td>4.656649</td>\n",
       "      <td>1.764417</td>\n",
       "      <td>1.280609</td>\n",
       "      <td>3.365090</td>\n",
       "      <td>2.216427</td>\n",
       "      <td>0.495746</td>\n",
       "      <td>-2.271274</td>\n",
       "      <td>2.839836</td>\n",
       "      <td>1.205318</td>\n",
       "      <td>1.894033</td>\n",
       "      <td>2.518687</td>\n",
       "      <td>2.534862</td>\n",
       "      <td>0.468629</td>\n",
       "      <td>0.167139</td>\n",
       "      <td>-1.016829</td>\n",
       "      <td>3.892419</td>\n",
       "      <td>2.449406</td>\n",
