{
 "cells": [
  {
   "cell_type": "code",
   "execution_count": 9,
   "metadata": {},
   "outputs": [],
   "source": [
    "import pandas as pd\n",
    "import numpy as np"
   ]
  },
  {
   "cell_type": "code",
   "execution_count": 10,
   "metadata": {},
   "outputs": [],
   "source": [
    "######## PART 1 ########"
   ]
  },
  {
   "cell_type": "code",
   "execution_count": 19,
   "metadata": {},
   "outputs": [],
   "source": [
    "neg_class_mean_vector = np.array(pd.read_csv('./hwk2_datasets/DS1_m_0.txt', header=None))\n",
    "pos_class_mean_vector = np.array(pd.read_csv('./hwk2_datasets/DS1_m_1.txt', header=None))\n",
    "cov_matrix = np.array(pd.read_csv('./hwk2_datasets/DS1_Cov.txt', header=None))"
   ]
  },
  {
   "cell_type": "code",
   "execution_count": 20,
   "metadata": {},
   "outputs": [
    {
     "data": {
      "text/plain": [
       "(1, 20)"
      ]
     },
     "execution_count": 20,
     "metadata": {},
     "output_type": "execute_result"
    }
   ],
   "source": [
    "neg_class_mean_vector.shape"
   ]
  },
  {
   "cell_type": "code",
   "execution_count": 21,
   "metadata": {},
   "outputs": [
    {
     "data": {
      "text/plain": [
       "(20, 1)"
      ]
     },
     "execution_count": 21,
     "metadata": {},
     "output_type": "execute_result"
    }
   ],
   "source": [
    "neg_class_mean_vector.T.shape"
   ]
  },
  {
   "cell_type": "code",
   "execution_count": 22,
   "metadata": {},
   "outputs": [
    {
     "data": {
      "text/plain": [
       "(1, 20)"
      ]
     },
     "execution_count": 22,
     "metadata": {},
     "output_type": "execute_result"
    }
   ],
   "source": [
    "pos_class_mean_vector.shape"
   ]
  },
  {
   "cell_type": "code",
   "execution_count": 23,
   "metadata": {},
   "outputs": [
    {
     "data": {
      "text/plain": [
       "array([[1.3, 1.3, 1.3, 1.3, 1.3, 1.3, 1.3, 1.3, 1.3, 1.3, 1.3, 1.3, 1.3,\n",
       "        1.3, 1.3, 1.3, 1.3, 1.3, 1.3, 1.3]])"
      ]
     },
     "execution_count": 23,
     "metadata": {},
     "output_type": "execute_result"
    }
   ],
   "source": [
    "neg_class_mean_vector"
   ]
  },
  {
   "cell_type": "code",
   "execution_count": 16,
   "metadata": {},
   "outputs": [],
   "source": []
  },
  {
   "cell_type": "code",
   "execution_count": 17,
   "metadata": {},
   "outputs": [
    {
     "data": {
      "text/plain": [
       "(20, 20)"
      ]
     },
     "execution_count": 17,
     "metadata": {},
     "output_type": "execute_result"
    }
   ],
   "source": [
    "cov_matrix.shape"
   ]
  },
  {
   "cell_type": "code",
   "execution_count": 18,
   "metadata": {},
   "outputs": [
    {
     "data": {
      "text/html": [
       "<div>\n",
       "<style scoped>\n",
       "    .dataframe tbody tr th:only-of-type {\n",
       "        vertical-align: middle;\n",
       "    }\n",
       "\n",
       "    .dataframe tbody tr th {\n",
       "        vertical-align: top;\n",
       "    }\n",
       "\n",
       "    .dataframe thead th {\n",
       "        text-align: right;\n",
       "    }\n",
       "</style>\n",
       "<table border=\"1\" class=\"dataframe\">\n",
       "  <thead>\n",
       "    <tr style=\"text-align: right;\">\n",
       "      <th></th>\n",
       "      <th>0</th>\n",
       "      <th>1</th>\n",
       "      <th>2</th>\n",
       "      <th>3</th>\n",
       "      <th>4</th>\n",
       "      <th>5</th>\n",
       "      <th>6</th>\n",
       "      <th>7</th>\n",
       "      <th>8</th>\n",
       "      <th>9</th>\n",
       "      <th>10</th>\n",
       "      <th>11</th>\n",
       "      <th>12</th>\n",
       "      <th>13</th>\n",
       "      <th>14</th>\n",
       "      <th>15</th>\n",
       "      <th>16</th>\n",
       "      <th>17</th>\n",
       "      <th>18</th>\n",
       "      <th>19</th>\n",
       "    </tr>\n",
       "  </thead>\n",
       "  <tbody>\n",
       "    <tr>\n",
       "      <th>0</th>\n",
       "      <td>7.927476</td>\n",
       "      <td>5.488493</td>\n",
       "      <td>6.188124</td>\n",
       "      <td>5.177665</td>\n",
       "      <td>5.848031</td>\n",
       "      <td>6.153255</td>\n",
       "      <td>4.662317</td>\n",
       "      <td>5.455003</td>\n",
       "      <td>4.985743</td>\n",
       "      <td>5.187586</td>\n",
       "      <td>3.943640</td>\n",
       "      <td>5.261325</td>\n",
       "      <td>7.096371</td>\n",
       "      <td>5.998102</td>\n",
       "      <td>6.093217</td>\n",
       "      <td>5.995185</td>\n",
       "      <td>5.873175</td>\n",
       "      <td>5.705388</td>\n",
       "      <td>5.599071</td>\n",
       "      <td>5.917863</td>\n",
       "    </tr>\n",
       "    <tr>\n",
       "      <th>1</th>\n",
       "      <td>5.488493</td>\n",
       "      <td>6.815981</td>\n",
       "      <td>5.344910</td>\n",
       "      <td>4.310201</td>\n",
       "      <td>5.416452</td>\n",
       "      <td>5.539950</td>\n",
       "      <td>4.308112</td>\n",
       "      <td>3.936584</td>\n",
       "      <td>4.114292</td>\n",
       "      <td>4.984282</td>\n",
       "      <td>3.343938</td>\n",
       "      <td>4.590507</td>\n",
       "      <td>5.857147</td>\n",
       "      <td>5.077650</td>\n",
       "      <td>5.413566</td>\n",
       "      <td>5.199743</td>\n",
       "      <td>5.609596</td>\n",
       "      <td>5.091709</td>\n",
       "      <td>5.318147</td>\n",
       "      <td>5.275675</td>\n",
       "    </tr>\n",
       "    <tr>\n",
       "      <th>2</th>\n",
       "      <td>6.188124</td>\n",
       "      <td>5.344910</td>\n",
       "      <td>7.322937</td>\n",
       "      <td>4.873616</td>\n",
       "      <td>5.789942</td>\n",
       "      <td>6.606479</td>\n",
       "      <td>4.611756</td>\n",
       "      <td>4.839899</td>\n",
       "      <td>4.869057</td>\n",
       "      <td>5.053396</td>\n",
       "      <td>3.263445</td>\n",
       "      <td>4.681174</td>\n",
       "      <td>6.369132</td>\n",
       "      <td>5.172404</td>\n",
       "      <td>6.107158</td>\n",
       "      <td>5.996404</td>\n",
       "      <td>6.249148</td>\n",
       "      <td>4.994872</td>\n",
       "      <td>4.723232</td>\n",
       "      <td>5.081002</td>\n",
       "    </tr>\n",
       "    <tr>\n",
       "      <th>3</th>\n",
       "      <td>5.177665</td>\n",
       "      <td>4.310201</td>\n",
       "      <td>4.873616</td>\n",
       "      <td>5.770601</td>\n",
       "      <td>5.263125</td>\n",
       "      <td>4.504141</td>\n",
       "      <td>3.706669</td>\n",
       "      <td>4.398312</td>\n",
       "      <td>3.375699</td>\n",
       "      <td>4.205892</td>\n",
       "      <td>2.746950</td>\n",
       "      <td>4.171424</td>\n",
       "      <td>5.866059</td>\n",
       "      <td>4.787745</td>\n",
       "      <td>4.786722</td>\n",
       "      <td>5.086954</td>\n",
       "      <td>4.676781</td>\n",
       "      <td>4.571953</td>\n",
       "      <td>3.915373</td>\n",
       "      <td>5.759721</td>\n",
       "    </tr>\n",
       "    <tr>\n",
       "      <th>4</th>\n",
       "      <td>5.848031</td>\n",
       "      <td>5.416452</td>\n",
       "      <td>5.789942</td>\n",
       "      <td>5.263125</td>\n",
       "      <td>7.012392</td>\n",
       "      <td>5.391430</td>\n",
       "      <td>5.006798</td>\n",
       "      <td>4.380700</td>\n",
       "      <td>4.647594</td>\n",
       "      <td>5.115607</td>\n",
       "      <td>4.071011</td>\n",
       "      <td>4.992487</td>\n",
       "      <td>6.221683</td>\n",
       "      <td>5.830548</td>\n",
       "      <td>5.955884</td>\n",
       "      <td>6.179913</td>\n",
       "      <td>5.896335</td>\n",
       "      <td>5.157545</td>\n",
       "      <td>5.356907</td>\n",
       "      <td>5.720191</td>\n",
       "    </tr>\n",
       "    <tr>\n",
       "      <th>5</th>\n",
       "      <td>6.153255</td>\n",
       "      <td>5.539950</td>\n",
       "      <td>6.606479</td>\n",
       "      <td>4.504141</td>\n",
       "      <td>5.391430</td>\n",
       "      <td>6.736599</td>\n",
       "      <td>4.456493</td>\n",
       "      <td>4.908194</td>\n",
       "      <td>4.733919</td>\n",
       "      <td>5.306438</td>\n",
       "      <td>2.983496</td>\n",
       "      <td>4.826317</td>\n",
       "      <td>6.378757</td>\n",
       "      <td>4.984127</td>\n",
       "      <td>5.807368</td>\n",
       "      <td>6.000130</td>\n",
       "      <td>5.939750</td>\n",
       "      <td>4.990101</td>\n",
       "      <td>4.796873</td>\n",
       "      <td>5.193906</td>\n",
       "    </tr>\n",
       "    <tr>\n",
       "      <th>6</th>\n",
       "      <td>4.662317</td>\n",
       "      <td>4.308112</td>\n",
       "      <td>4.611756</td>\n",
       "      <td>3.706669</td>\n",
       "      <td>5.006798</td>\n",
       "      <td>4.456493</td>\n",
       "      <td>5.153278</td>\n",
       "      <td>3.892490</td>\n",
       "      <td>3.940439</td>\n",
       "      <td>4.326083</td>\n",
       "      <td>2.988871</td>\n",
       "      <td>4.336847</td>\n",
       "      <td>4.698715</td>\n",
       "      <td>4.126217</td>\n",
       "      <td>4.695323</td>\n",
       "      <td>5.265899</td>\n",
       "      <td>4.316760</td>\n",
       "      <td>3.682452</td>\n",
       "      <td>4.602147</td>\n",
       "      <td>3.871859</td>\n",
       "    </tr>\n",
       "    <tr>\n",
       "      <th>7</th>\n",
       "      <td>5.455003</td>\n",
       "      <td>3.936584</td>\n",
       "      <td>4.839899</td>\n",
       "      <td>4.398312</td>\n",
       "      <td>4.380700</td>\n",
       "      <td>4.908194</td>\n",
       "      <td>3.892490</td>\n",
       "      <td>6.024217</td>\n",
       "      <td>3.575820</td>\n",
       "      <td>4.900286</td>\n",
       "      <td>2.531753</td>\n",
       "      <td>4.873978</td>\n",
       "      <td>6.173409</td>\n",
       "      <td>5.186461</td>\n",
       "      <td>4.906209</td>\n",
       "      <td>6.175413</td>\n",
       "      <td>4.535424</td>\n",
       "      <td>4.935919</td>\n",
       "      <td>4.827705</td>\n",
       "      <td>4.492087</td>\n",
       "    </tr>\n",
       "    <tr>\n",
       "      <th>8</th>\n",
       "      <td>4.985743</td>\n",
       "      <td>4.114292</td>\n",
       "      <td>4.869057</td>\n",
       "      <td>3.375699</td>\n",
       "      <td>4.647594</td>\n",
       "      <td>4.733919</td>\n",
       "      <td>3.940439</td>\n",
       "      <td>3.575820</td>\n",
       "      <td>4.938197</td>\n",
       "      <td>4.622955</td>\n",
       "      <td>3.108245</td>\n",
       "      <td>4.073176</td>\n",
       "      <td>5.078028</td>\n",
       "      <td>4.624664</td>\n",
       "      <td>4.881406</td>\n",
       "      <td>5.116368</td>\n",
       "      <td>5.105934</td>\n",
       "      <td>4.061904</td>\n",
       "      <td>4.214664</td>\n",
       "      <td>4.041945</td>\n",
       "    </tr>\n",
       "    <tr>\n",
       "      <th>9</th>\n",
       "      <td>5.187586</td>\n",
       "      <td>4.984282</td>\n",
       "      <td>5.053396</td>\n",
       "      <td>4.205892</td>\n",
       "      <td>5.115607</td>\n",
       "      <td>5.306438</td>\n",
       "      <td>4.326083</td>\n",
       "      <td>4.900286</td>\n",
       "      <td>4.622955</td>\n",
       "      <td>7.051965</td>\n",
       "      <td>3.270780</td>\n",
       "      <td>4.706497</td>\n",
       "      <td>6.808707</td>\n",
       "      <td>5.168720</td>\n",
       "      <td>4.984856</td>\n",
       "      <td>5.951976</td>\n",
       "      <td>4.743232</td>\n",
       "      <td>5.272188</td>\n",
       "      <td>4.517709</td>\n",
       "      <td>5.290142</td>\n",
       "    </tr>\n",
       "    <tr>\n",
       "      <th>10</th>\n",
       "      <td>3.943640</td>\n",
       "      <td>3.343938</td>\n",
       "      <td>3.263445</td>\n",
       "      <td>2.746950</td>\n",
       "      <td>4.071011</td>\n",
       "      <td>2.983496</td>\n",
       "      <td>2.988871</td>\n",
       "      <td>2.531753</td>\n",
       "      <td>3.108245</td>\n",
       "      <td>3.270780</td>\n",
       "      <td>3.329253</td>\n",
       "      <td>2.885386</td>\n",
       "      <td>3.712484</td>\n",
       "      <td>3.889102</td>\n",
       "      <td>3.577700</td>\n",
       "      <td>3.638566</td>\n",
       "      <td>3.616590</td>\n",
       "      <td>3.197151</td>\n",
       "      <td>3.716494</td>\n",
       "      <td>3.448463</td>\n",
       "    </tr>\n",
       "    <tr>\n",
       "      <th>11</th>\n",
       "      <td>5.261325</td>\n",
       "      <td>4.590507</td>\n",
       "      <td>4.681174</td>\n",
       "      <td>4.171424</td>\n",
       "      <td>4.992487</td>\n",
       "      <td>4.826317</td>\n",
       "      <td>4.336847</td>\n",
       "      <td>4.873978</td>\n",
       "      <td>4.073176</td>\n",
       "      <td>4.706497</td>\n",
       "      <td>2.885386</td>\n",
       "      <td>5.267958</td>\n",
       "      <td>6.001239</td>\n",
       "      <td>5.007926</td>\n",
       "      <td>4.814477</td>\n",
       "      <td>5.561667</td>\n",
       "      <td>5.049405</td>\n",
       "      <td>4.883174</td>\n",
       "      <td>5.027052</td>\n",
       "      <td>4.482120</td>\n",
       "    </tr>\n",
       "    <tr>\n",
       "      <th>12</th>\n",
       "      <td>7.096371</td>\n",
       "      <td>5.857147</td>\n",
       "      <td>6.369132</td>\n",
       "      <td>5.866059</td>\n",
       "      <td>6.221683</td>\n",
       "      <td>6.378757</td>\n",
       "      <td>4.698715</td>\n",
       "      <td>6.173409</td>\n",
       "      <td>5.078028</td>\n",
       "      <td>6.808707</td>\n",
       "      <td>3.712484</td>\n",
       "      <td>6.001239</td>\n",
       "      <td>9.053038</td>\n",
       "      <td>6.277280</td>\n",
       "      <td>6.232407</td>\n",
       "      <td>6.570614</td>\n",
       "      <td>6.006622</td>\n",
       "      <td>6.349725</td>\n",
       "      <td>5.871658</td>\n",
       "      <td>7.253754</td>\n",
       "    </tr>\n",
       "    <tr>\n",
       "      <th>13</th>\n",
       "      <td>5.998102</td>\n",
       "      <td>5.077650</td>\n",
       "      <td>5.172404</td>\n",
       "      <td>4.787745</td>\n",
       "      <td>5.830548</td>\n",
       "      <td>4.984127</td>\n",
       "      <td>4.126217</td>\n",
       "      <td>5.186461</td>\n",
       "      <td>4.624664</td>\n",
       "      <td>5.168720</td>\n",
       "      <td>3.889102</td>\n",
       "      <td>5.007926</td>\n",
       "      <td>6.277280</td>\n",
       "      <td>6.903459</td>\n",
       "      <td>5.851179</td>\n",
       "      <td>6.214681</td>\n",
       "      <td>5.688631</td>\n",
       "      <td>5.613341</td>\n",
       "      <td>5.879822</td>\n",
       "      <td>5.451482</td>\n",
       "    </tr>\n",
       "    <tr>\n",
       "      <th>14</th>\n",
       "      <td>6.093217</td>\n",
       "      <td>5.413566</td>\n",
       "      <td>6.107158</td>\n",
       "      <td>4.786722</td>\n",
       "      <td>5.955884</td>\n",
       "      <td>5.807368</td>\n",
       "      <td>4.695323</td>\n",
       "      <td>4.906209</td>\n",
       "      <td>4.881406</td>\n",
       "      <td>4.984856</td>\n",
       "      <td>3.577700</td>\n",
       "      <td>4.814477</td>\n",
       "      <td>6.232407</td>\n",
       "      <td>5.851179</td>\n",
       "      <td>6.942540</td>\n",
       "      <td>7.138486</td>\n",
       "      <td>5.823742</td>\n",
       "      <td>5.127706</td>\n",
       "      <td>5.459901</td>\n",
       "      <td>5.688824</td>\n",
       "    </tr>\n",
       "    <tr>\n",
       "      <th>15</th>\n",
       "      <td>5.995185</td>\n",
       "      <td>5.199743</td>\n",
       "      <td>5.996404</td>\n",
       "      <td>5.086954</td>\n",
       "      <td>6.179913</td>\n",
       "      <td>6.000130</td>\n",
       "      <td>5.265899</td>\n",
       "      <td>6.175413</td>\n",
       "      <td>5.116368</td>\n",
       "      <td>5.951976</td>\n",
       "      <td>3.638566</td>\n",
       "      <td>5.561667</td>\n",
       "      <td>6.570614</td>\n",
       "      <td>6.214681</td>\n",
       "      <td>7.138486</td>\n",
       "      <td>9.276528</td>\n",
       "      <td>5.862488</td>\n",
       "      <td>5.893844</td>\n",
       "      <td>5.658441</td>\n",
       "      <td>5.860348</td>\n",
       "    </tr>\n",
       "    <tr>\n",
       "      <th>16</th>\n",
       "      <td>5.873175</td>\n",
       "      <td>5.609596</td>\n",
       "      <td>6.249148</td>\n",
       "      <td>4.676781</td>\n",
       "      <td>5.896335</td>\n",
       "      <td>5.939750</td>\n",
       "      <td>4.316760</td>\n",
       "      <td>4.535424</td>\n",
       "      <td>5.105934</td>\n",
       "      <td>4.743232</td>\n",
       "      <td>3.616590</td>\n",
       "      <td>5.049405</td>\n",
       "      <td>6.006622</td>\n",
       "      <td>5.688631</td>\n",
       "      <td>5.823742</td>\n",
       "      <td>5.862488</td>\n",
       "      <td>6.759200</td>\n",
       "      <td>5.193118</td>\n",
       "      <td>5.326633</td>\n",
       "      <td>4.945570</td>\n",
       "    </tr>\n",
       "    <tr>\n",
       "      <th>17</th>\n",
       "      <td>5.705388</td>\n",
       "      <td>5.091709</td>\n",
       "      <td>4.994872</td>\n",
       "      <td>4.571953</td>\n",
       "      <td>5.157545</td>\n",
       "      <td>4.990101</td>\n",
       "      <td>3.682452</td>\n",
       "      <td>4.935919</td>\n",
       "      <td>4.061904</td>\n",
       "      <td>5.272188</td>\n",
       "      <td>3.197151</td>\n",
       "      <td>4.883174</td>\n",
       "      <td>6.349725</td>\n",
       "      <td>5.613341</td>\n",
       "      <td>5.127706</td>\n",
       "      <td>5.893844</td>\n",
       "      <td>5.193118</td>\n",
       "      <td>5.963909</td>\n",
       "      <td>4.847945</td>\n",
       "      <td>5.123755</td>\n",
       "    </tr>\n",
       "    <tr>\n",
       "      <th>18</th>\n",
       "      <td>5.599071</td>\n",
       "      <td>5.318147</td>\n",
       "      <td>4.723232</td>\n",
       "      <td>3.915373</td>\n",
       "      <td>5.356907</td>\n",
       "      <td>4.796873</td>\n",
       "      <td>4.602147</td>\n",
       "      <td>4.827705</td>\n",
       "      <td>4.214664</td>\n",
       "      <td>4.517709</td>\n",
       "      <td>3.716494</td>\n",
       "      <td>5.027052</td>\n",
       "      <td>5.871658</td>\n",
       "      <td>5.879822</td>\n",
       "      <td>5.459901</td>\n",
       "      <td>5.658441</td>\n",
       "      <td>5.326633</td>\n",
       "      <td>4.847945</td>\n",
       "      <td>6.351429</td>\n",
       "      <td>4.894940</td>\n",
       "    </tr>\n",
       "    <tr>\n",
       "      <th>19</th>\n",
       "      <td>5.917863</td>\n",
       "      <td>5.275675</td>\n",
       "      <td>5.081002</td>\n",
       "      <td>5.759721</td>\n",
       "      <td>5.720191</td>\n",
       "      <td>5.193906</td>\n",
       "      <td>3.871859</td>\n",
       "      <td>4.492087</td>\n",
       "      <td>4.041945</td>\n",
       "      <td>5.290142</td>\n",
       "      <td>3.448463</td>\n",
       "      <td>4.482120</td>\n",
       "      <td>7.253754</td>\n",
       "      <td>5.451482</td>\n",
       "      <td>5.688824</td>\n",
       "      <td>5.860348</td>\n",
       "      <td>4.945570</td>\n",
       "      <td>5.123755</td>\n",
       "      <td>4.894940</td>\n",
       "      <td>7.884284</td>\n",
       "    </tr>\n",
       "  </tbody>\n",
       "</table>\n",
       "</div>"
      ],
      "text/plain": [
       "          0         1         2         3         4         5         6   \\\n",
       "0   7.927476  5.488493  6.188124  5.177665  5.848031  6.153255  4.662317   \n",
       "1   5.488493  6.815981  5.344910  4.310201  5.416452  5.539950  4.308112   \n",
       "2   6.188124  5.344910  7.322937  4.873616  5.789942  6.606479  4.611756   \n",
       "3   5.177665  4.310201  4.873616  5.770601  5.263125  4.504141  3.706669   \n",
       "4   5.848031  5.416452  5.789942  5.263125  7.012392  5.391430  5.006798   \n",
       "5   6.153255  5.539950  6.606479  4.504141  5.391430  6.736599  4.456493   \n",
       "6   4.662317  4.308112  4.611756  3.706669  5.006798  4.456493  5.153278   \n",
       "7   5.455003  3.936584  4.839899  4.398312  4.380700  4.908194  3.892490   \n",
       "8   4.985743  4.114292  4.869057  3.375699  4.647594  4.733919  3.940439   \n",
       "9   5.187586  4.984282  5.053396  4.205892  5.115607  5.306438  4.326083   \n",
       "10  3.943640  3.343938  3.263445  2.746950  4.071011  2.983496  2.988871   \n",
       "11  5.261325  4.590507  4.681174  4.171424  4.992487  4.826317  4.336847   \n",
       "12  7.096371  5.857147  6.369132  5.866059  6.221683  6.378757  4.698715   \n",
       "13  5.998102  5.077650  5.172404  4.787745  5.830548  4.984127  4.126217   \n",
       "14  6.093217  5.413566  6.107158  4.786722  5.955884  5.807368  4.695323   \n",
       "15  5.995185  5.199743  5.996404  5.086954  6.179913  6.000130  5.265899   \n",
       "16  5.873175  5.609596  6.249148  4.676781  5.896335  5.939750  4.316760   \n",
       "17  5.705388  5.091709  4.994872  4.571953  5.157545  4.990101  3.682452   \n",
       "18  5.599071  5.318147  4.723232  3.915373  5.356907  4.796873  4.602147   \n",
       "19  5.917863  5.275675  5.081002  5.759721  5.720191  5.193906  3.871859   \n",
       "\n",
       "          7         8         9         10        11        12        13  \\\n",
       "0   5.455003  4.985743  5.187586  3.943640  5.261325  7.096371  5.998102   \n",
       "1   3.936584  4.114292  4.984282  3.343938  4.590507  5.857147  5.077650   \n",
       "2   4.839899  4.869057  5.053396  3.263445  4.681174  6.369132  5.172404   \n",
       "3   4.398312  3.375699  4.205892  2.746950  4.171424  5.866059  4.787745   \n",
       "4   4.380700  4.647594  5.115607  4.071011  4.992487  6.221683  5.830548   \n",
       "5   4.908194  4.733919  5.306438  2.983496  4.826317  6.378757  4.984127   \n",
       "6   3.892490  3.940439  4.326083  2.988871  4.336847  4.698715  4.126217   \n",
       "7   6.024217  3.575820  4.900286  2.531753  4.873978  6.173409  5.186461   \n",
       "8   3.575820  4.938197  4.622955  3.108245  4.073176  5.078028  4.624664   \n",
       "9   4.900286  4.622955  7.051965  3.270780  4.706497  6.808707  5.168720   \n",
       "10  2.531753  3.108245  3.270780  3.329253  2.885386  3.712484  3.889102   \n",
       "11  4.873978  4.073176  4.706497  2.885386  5.267958  6.001239  5.007926   \n",
       "12  6.173409  5.078028  6.808707  3.712484  6.001239  9.053038  6.277280   \n",
       "13  5.186461  4.624664  5.168720  3.889102  5.007926  6.277280  6.903459   \n",
       "14  4.906209  4.881406  4.984856  3.577700  4.814477  6.232407  5.851179   \n",
       "15  6.175413  5.116368  5.951976  3.638566  5.561667  6.570614  6.214681   \n",
       "16  4.535424  5.105934  4.743232  3.616590  5.049405  6.006622  5.688631   \n",
       "17  4.935919  4.061904  5.272188  3.197151  4.883174  6.349725  5.613341   \n",
       "18  4.827705  4.214664  4.517709  3.716494  5.027052  5.871658  5.879822   \n",
       "19  4.492087  4.041945  5.290142  3.448463  4.482120  7.253754  5.451482   \n",
       "\n",
       "          14        15        16        17        18        19  \n",
       "0   6.093217  5.995185  5.873175  5.705388  5.599071  5.917863  \n",
       "1   5.413566  5.199743  5.609596  5.091709  5.318147  5.275675  \n",
       "2   6.107158  5.996404  6.249148  4.994872  4.723232  5.081002  \n",
       "3   4.786722  5.086954  4.676781  4.571953  3.915373  5.759721  \n",
       "4   5.955884  6.179913  5.896335  5.157545  5.356907  5.720191  \n",
       "5   5.807368  6.000130  5.939750  4.990101  4.796873  5.193906  \n",
       "6   4.695323  5.265899  4.316760  3.682452  4.602147  3.871859  \n",
       "7   4.906209  6.175413  4.535424  4.935919  4.827705  4.492087  \n",
       "8   4.881406  5.116368  5.105934  4.061904  4.214664  4.041945  \n",
       "9   4.984856  5.951976  4.743232  5.272188  4.517709  5.290142  \n",
       "10  3.577700  3.638566  3.616590  3.197151  3.716494  3.448463  \n",
       "11  4.814477  5.561667  5.049405  4.883174  5.027052  4.482120  \n",
       "12  6.232407  6.570614  6.006622  6.349725  5.871658  7.253754  \n",
       "13  5.851179  6.214681  5.688631  5.613341  5.879822  5.451482  \n",
       "14  6.942540  7.138486  5.823742  5.127706  5.459901  5.688824  \n",
       "15  7.138486  9.276528  5.862488  5.893844  5.658441  5.860348  \n",
       "16  5.823742  5.862488  6.759200  5.193118  5.326633  4.945570  \n",
       "17  5.127706  5.893844  5.193118  5.963909  4.847945  5.123755  \n",
       "18  5.459901  5.658441  5.326633  4.847945  6.351429  4.894940  \n",
       "19  5.688824  5.860348  4.945570  5.123755  4.894940  7.884284  "
      ]
     },
     "execution_count": 18,
     "metadata": {},
     "output_type": "execute_result"
    }
   ],
   "source": [
    "cov_matrix"
   ]
  },
  {
   "cell_type": "code",
   "execution_count": null,
   "metadata": {},
   "outputs": [],
   "source": []
  }
 ],
 "metadata": {
  "kernelspec": {
   "display_name": "myenv",
   "language": "python",
   "name": "myenv"
  },
  "language_info": {
   "codemirror_mode": {
    "name": "ipython",
    "version": 3
   },
   "file_extension": ".py",
   "mimetype": "text/x-python",
   "name": "python",
   "nbconvert_exporter": "python",
   "pygments_lexer": "ipython3",
   "version": "3.5.2"
  }
 },
 "nbformat": 4,
 "nbformat_minor": 2
}
